8.51E-19
8.26E-19
8.20E-19
8.09E-19
7.89E-19
8.11E-19
9.30E-19
8.26E-19
8.50E-19
8.17E-19
5.32E-19
5.11E-19
4.85E-19
4.89E-19
5.28E-19
5.31E-19
6.16E-19
6.20E-19
6.12E-19
6.60E-19
6.56E-19
6.17E-19
6.45E-19
6.68E-19
6.54E-19
6.84E-19
6.60E-19
5.95E-19
6.35E-19
5.84E-19
5.93E-19
8.42E-19
7.80E-19
8.31E-19
7.86E-19
7.78E-19
7.91E-19
7.92E-19
7.87E-19
8.09E-19
7.92E-19
8.10E-19
7.51E-19
3.41E-19
3.58E-19
3.24E-19
3.51E-19
3.47E-19
3.39E-19
8.19E-19
8.19E-19
8.49E-19
8.30E-19
8.57E-19
8.48E-19
9.68E-19
9.31E-19
9.49E-19
9.87E-19
9.30E-19
9.68E-19
