8.26E-19
8.84E-19
8.09E-19
7.88E-19
8.11E-19
9.30E-19
8.26E-19
8.61E-19
8.17E-19
5.55E-19
5.11E-19
4.85E-19
4.89E-19
5.35E-19
5.71E-19
5.82E-19
6.00E-19
6.60E-19
6.96E-19
6.13E-19
6.72E-19
6.77E-19
6.63E-19
6.96E-19
6.63E-19
5.95E-19
6.35E-19
5.73E-19
5.68E-19
5.47E-19
5.59E-19
5.58E-19
5.42E-19
8.42E-19
7.80E-19
8.52E-19
7.86E-19
7.78E-19
7.91E-19
5.64E-19
5.70E-19
5.33E-19
5.55E-19
5.45E-19
5.33E-19
7.92E-19
7.87E-19
7.41E-19
7.92E-19
8.10E-19
3.41E-19
3.78E-19
3.24E-19
3.51E-19
3.47E-19
3.39E-19
8.24E-19
8.19E-19
8.30E-19
8.73E-19
8.48E-19
9.68E-19
9.31E-19
9.49E-19
9.87E-19
9.20E-19
9.68E-19
